-1.0 4.8999999999999995
-0.9 5.414999999999999
-0.8 5.8999999999999995
-0.7 6.3549999999999995
-0.6 6.779999999999999
-0.5 7.174999999999999
-0.4 7.539999999999999
-0.3 7.874999999999999
-0.2 8.18
-0.1 8.455
-0.0 8.7
0.1 8.915
0.2 9.1
0.3 9.254999999999999
0.4 9.379999999999999
0.5 9.475
0.6 9.54
0.7 9.575
0.8 9.579999999999998
0.9 9.555
-10.0 -164.3
-9.9 -161.08500000000004
-9.8 -157.90000000000003
-9.7 -154.745
-9.6 -151.62
-9.5 -148.525
-9.4 -145.46000000000004
-9.3 -142.425
-9.2 -139.42
-9.1 -136.445
-9.0 -133.5
-8.9 -130.58500000000004
-8.8 -127.70000000000003
-8.7 -124.84499999999996
-8.6 -122.02
-8.5 -119.225
-8.4 -116.46
-8.3 -113.72500000000002
-8.2 -111.01999999999998
-8.1 -108.34499999999998
-8.0 -105.7
-7.9 -103.08500000000001
-7.8 -100.49999999999999
-7.7 -97.945
-7.6 -95.42
-7.5 -92.925
-7.4 -90.46000000000001
-7.3 -88.02499999999999
-7.2 -85.62
-7.1 -83.24499999999999
-7.0 -80.89999999999999
-6.9 -78.58500000000001
-6.8 -76.29999999999998
-6.7 -74.045
-6.6 -71.81999999999998
-6.5 -69.625
-6.4 -67.46000000000001
-6.3 -65.32499999999999
-6.2 -63.22000000000001
-6.1 -61.14499999999998
-6.0 -59.099999999999994
-5.9 -57.084999999999994
-5.8 -55.099999999999994
-5.7 -53.144999999999996
-5.6 -51.219999999999985
-5.5 -49.325
-5.4 -47.46000000000001
-5.3 -45.625
-5.2 -43.82000000000001
-5.1 -42.045
-5.0 -40.3
-4.9 -38.58500000000001
-4.8 -36.900000000000006
-4.7 -35.245000000000005
-4.6 -33.61999999999999
-4.5 -32.025000000000006
-4.4 -30.460000000000004
-4.3 -28.925
-4.2 -27.420000000000005
-4.1 -25.944999999999997
-4.0 -24.500000000000004
-3.9 -23.084999999999997
-3.8 -21.7
-3.7 -20.345000000000002
-3.6 -19.02
-3.5 -17.724999999999998
-3.4 -16.459999999999997
-3.3 -15.224999999999998
-3.2 -14.020000000000003
-3.1 -12.845000000000002
-3.0 -11.7
-2.9 -10.585
-2.8 -9.499999999999996
-2.7 -8.445000000000004
-2.6 -7.420000000000002
-2.5 -6.425000000000001
-2.4 -5.460000000000001
-2.3 -4.524999999999999
-2.2 -3.620000000000001
-2.1 -2.745000000000001
-2.0 -1.9000000000000004
-1.9 -1.0850000000000009
-1.8 -0.3000000000000007
-1.7 0.45500000000000007
-1.6 1.1799999999999988
-1.5 1.875
-1.4 2.54
-1.3 3.174999999999999
-1.2 3.7799999999999994
-1.1 4.354999999999999
1.0 9.5
1.1 9.415
1.2 9.299999999999999
1.3 9.155
1.4 8.98
1.5 8.774999999999999
1.6 8.54
1.7 8.275
1.8 7.979999999999999
1.9 7.6549999999999985
2.0 7.299999999999999
2.1 6.914999999999999
2.2 6.499999999999997
2.3 6.055
2.4 5.579999999999998
2.5 5.074999999999999
2.6 4.539999999999998
2.7 3.974999999999997
2.8 3.380000000000001
2.9 2.754999999999998
3.0 2.0999999999999988
3.1 1.4149999999999965
3.2 0.6999999999999957
3.3 -0.04499999999999815
3.4 -0.8199999999999967
3.5 -1.6250000000000018
3.6 -2.4600000000000026
3.7 -3.3250000000000046
3.8 -4.220000000000002
3.9 -5.145
4.0 -6.100000000000001
4.1 -7.084999999999999
4.2 -8.100000000000001
4.3 -9.145
4.4 -10.22000000000001
4.5 -11.325
4.6 -12.459999999999997
4.7 -13.625000000000007
4.8 -14.820000000000004
4.9 -16.04500000000001
5.0 -17.3
5.1 -18.585000000000004
5.2 -19.900000000000002
5.3 -21.245
5.4 -22.620000000000008
5.5 -24.025000000000002
5.6 -25.459999999999997
5.7 -26.925
5.8 -28.420000000000005
5.9 -29.945000000000004
6.0 -31.500000000000004
6.1 -33.084999999999994
6.2 -34.70000000000002
6.3 -36.345
6.4 -38.02000000000001
6.5 -39.724999999999994
6.6 -41.459999999999994
6.7 -43.22500000000001
6.8 -45.01999999999998
6.9 -46.84500000000001
7.0 -48.7
7.1 -50.584999999999994
7.2 -52.5
7.3 -54.44500000000001
7.4 -56.420000000000016
7.5 -58.425
7.6 -60.459999999999994
7.7 -62.525000000000006
7.8 -64.61999999999999
7.9 -66.745
8.0 -68.89999999999999
8.1 -71.085
8.2 -73.29999999999998
8.3 -75.54500000000002
8.4 -77.82000000000001
8.5 -80.125
8.6 -82.46
8.7 -84.82499999999997
8.8 -87.22000000000003
8.9 -89.64500000000001
9.0 -92.1
9.1 -94.58499999999998
9.2 -97.09999999999998
9.3 -99.64500000000001
9.4 -102.22000000000001
9.5 -104.825
9.6 -107.46000000000001
9.7 -110.12499999999999
9.8 -112.82000000000004
9.9 -115.54500000000002
-50.0 -3856.3
-49.9 -3841.0849999999996
-49.8 -3825.8999999999996
-49.7 -3810.7450000000003
-49.6 -3795.620000000001
-49.5 -3780.525
-49.4 -3765.4599999999996
-49.3 -3750.4249999999997
-49.2 -3735.4200000000005
-49.1 -3720.445
-49.0 -3705.5
-48.9 -3690.585
-48.8 -3675.6999999999994
-48.7 -3660.8450000000003
-48.6 -3646.0200000000004
-48.5 -3631.2250000000004
-48.4 -3616.4600000000005
-48.3 -3601.7250000000004
-48.2 -3587.020000000001
-48.1 -3572.3450000000003
-48.0 -3557.7000000000003
-47.9 -3543.085
-47.8 -3528.4999999999995
-47.7 -3513.9450000000006
-47.6 -3499.4200000000005
-47.5 -3484.925
-47.4 -3470.4599999999996
-47.3 -3456.0249999999996
-47.2 -3441.6200000000003
-47.1 -3427.245000000001
-47.0 -3412.9
-46.9 -3398.5849999999996
-46.8 -3384.2999999999997
-46.7 -3370.0450000000005
-46.6 -3355.82
-46.5 -3341.625
-46.4 -3327.46
3.27 0.18164999999999942
3.2701 0.18089898500000245
3.2702 0.18014793999999945
3.2703 0.17939686499999752
3.2704 0.17864575999999666
3.2705 0.17789462499999686
3.2706 0.17714345999999992
3.2707 0.17639226499999694
3.2708 0.17564103999999858
3.2709 0.17488978499999774
3.271 0.17413849999999798
3.2711 0.17338718499999928
3.2712 0.1726358399999981
3.2713 0.1718844649999962
3.2714 0.17113305999999895
3.2715 0.1703816249999992
3.2716 0.16963016000000053
3.2717 0.1688786649999976
3.2718 0.16812714000000106
3.2719 0.1673755849999985
3.272 0.16662400000000055
3.2721 0.16587238499999657
3.2722 0.165120739999999
3.2723 0.16436906499999893
3.2724 0.16361735999999816
3.2725 0.16286562499999846
3.2726 0.16211385999999628
3.2727 0.16136206499999872
3.2728 0.16061023999999335
3.2729 0.15985838499999971
3.273 0.1591064999999965
3.2731 0.15835458499999966
3.2732 0.1576026399999968
3.2733 0.1568506650000021
3.2734 0.15609865999999784
3.2735 0.1553466249999964
3.2736 0.1545945599999996
3.2737 0.15384246499999676
3.2738 0.15309033999999855
3.2739 0.1523381850000014
3.274 0.15158600000000177
3.2741 0.15083378500000322
3.2742 0.1500815400000004
3.2743 0.1493292649999951
3.2744 0.14857695999999798
3.2745 0.14782462499999838
3.2746 0.14707225999999807
3.2747 0.14631986499999883
3.2748 0.14556744000000066
3.2749 0.14481498499999645
3.275 0.14406250000000043
3.2751 0.14330998499999836
3.2752 0.14255744000000092
3.2753 0.14180486499999567
3.2754 0.14105226000000215
3.2755 0.14029962499999904
3.2756 0.13954696000000055
3.2757 0.1387942649999978
3.2758 0.13804153999999969
3.2759 0.13728878499999553
3.276 0.13653599999999777
3.2761 0.13578318499999753
3.2762 0.1350303400000019
3.2763 0.13427746500000026
3.2764 0.13352455999999613
3.2765 0.13277162500000017
3.2766 0.13201865999999818
3.2767 0.1312656650000008
3.2768 0.13051263999999563
3.2769 0.12975958500000218
3.277 0.12900649999999558
3.2771 0.12825338499999894
3.2772 0.12750023999999627
3.2773 0.12674706499999822
3.2774 0.12599385999999768
3.2775 0.125240625
3.2776 0.12448735999999982
3.2777 0.12373406500000073
3.2778 0.12298073999999914
3.2779 0.12222738499999863
3.278 0.1214739999999992
3.2781 0.12072058500000082
3.2782 0.1199671399999982
3.2783 0.11921366499999664
3.2784 0.1184601599999997
3.2785 0.11770662499999673
3.2786 0.11695305999999661
3.2787 0.11619946499999756
3.2788 0.11544583999999958
3.2789 0.11469218499999911
3.279 0.11393849999999972
3.2791 0.11318478499999785
3.2792 0.11243103999999704
3.2793 0.11167726499999553
3.2794 0.1109234600000022
3.2795 0.11016962499999927
3.2796 0.10941576000000097
3.2797 0.10866186500000019
3.2798 0.10790794000000048
3.2799 0.10715398499999651
3.28 0.10639999999999894
3.2801 0.10564598499999889
3.2802 0.1048919399999999
3.2803 0.10413786499999844
3.2804 0.10338375999999982
3.2805 0.10262962499999873
3.2806 0.10187545999999692
3.2807 0.10112126499999974
3.2808 0.10036703999999652
3.2809 0.09961278500000148
3.281 0.09885849999999508
3.2811 0.09810418500000218
3.2812 0.09734983999999614
3.2813 0.09659546499999827
3.2814 0.09584105999999792
3.2815 0.09508662500000042
3.2816 0.09433215999999689
3.2817 0.09357766499999798
3.2818 0.09282314000000014
3.2819 0.09206858499999981
3.282 0.09131400000000056
3.2821 0.09055938499999883
3.2822 0.08980473999999639
3.2823 0.08905006499999857
3.2824 0.08829535999999827
3.2825 0.08754062499999549
3.2826 0.08678585999999733
3.2827 0.08603106499999669
3.2828 0.08527623999999889
3.2829 0.08452138499999862
3.283 0.08376649999999941
3.2831 0.08301158499999772
3.2832 0.0822566399999971
3.2833 0.08150166499999756
3.2834 0.08074665999999908
3.2835 0.0799916249999999
3.2836 0.07923655999999824
3.2837 0.07848146499999764
3.2838 0.07772634000000167
3.2839 0.07697118499999789
3.284 0.0762160000000005
3.2841 0.07546078499999709
3.2842 0.0747055399999983
3.2843 0.07395026500000057
3.2844 0.07319495999999859
3.2845 0.07243962499999768
3.2846 0.07168425999999606
3.2847 0.07092886499999906
3.2848 0.07017343999999603
3.2849 0.06941798500000118
3.285 0.06866249999999496
3.2851 0.06790698500000047
3.2852 0.0671514399999964
3.2853 0.06639586499999872
3.2854 0.06564025999999501
3.2855 0.06488462500000303
3.2856 0.0641289599999979
3.2857 0.06337326499999918
3.2858 0.06261753999999797
3.2859 0.06186178500000139
3.286 0.06110599999999877
3.2861 0.06035018500000078
3.2862 0.0595943400000003
3.2863 0.05883846499999734
3.2864 0.05808256000000078
3.2865 0.057326624999994635
3.2866 0.05657066000000022
3.2867 0.05581466499999621
3.2868 0.055058639999998604
3.2869 0.054302584999998516
3.287 0.0535464999999995
3.2871 0.052790384999998
3.2872 0.05203424000000112
3.2873 0.05127806499999821
3.2874 0.05052185999999992
3.2875 0.04976562499999737
3.2876 0.04900935999999945
3.2877 0.04825306499999904
3.2878 0.04749674000000326
3.2879 0.04674038499999966
3.288 0.04598400000000069
3.2881 0.045227584999995685
3.2882 0.04447114000000063
3.2883 0.04371466499999599
3.2884 0.04295815999999775
3.2885 0.042201625000000575
3.2886 0.04144505999999559
3.2887 0.04068846500000234
3.2888 0.0399318399999995
3.2889 0.03917518500000128
3.289 0.03841849999999525
3.2891 0.03766178500000095
3.2892 0.03690503999999706
3.2893 0.03614826499999957
3.2894 0.0353914599999996
3.2895 0.034634625000000696
3.2896 0.03387775999999931
3.2897 0.033120864999997224
3.2898 0.03236393999999976
3.2899 0.03160698499999981
3.29 0.030850000000000932
3.2901 0.030092984999999572
3.2902 0.029335939999999283
3.2903 0.028578865000000064
3.2904 0.027821759999996587
3.2905 0.027064624999997733
3.2906 0.026307459999996397
3.2907 0.02555026499999613
3.2908 0.02479303999999871
3.2909 0.02403578499999881
3.291 0.023278499999996427
3.2911 0.022521184999998667
3.2912 0.021763839999998424
3.2913 0.021006464999999253
3.2914 0.0202490599999976
3.2915 0.01949162499999879
3.2916 0.018734160000001054
3.2917 0.017976664999997283
3.2918 0.017219139999998134
3.2919 0.016461585000000056
3.292 0.015703999999999496
3.2921 0.01494638499999823
3.2922 0.014188739999999811
3.2923 0.01343106499999891
3.2924 0.012673359999997302
3.2925 0.011915624999996766
3.2926 0.0111578599999973
3.2927 0.010400064999998904
3.2928 0.00964223999999625
3.2929 0.008884384999998218
3.293 0.008126499999997705
3.2931 0.007368585000001815
3.2932 0.006610639999994561
3.2933 0.005852665000000812
3.2934 0.005094659999997475
3.2935 0.004336624999998762
3.2936 0.003578559999997566
3.2937 0.002820464999999217
3.2938 0.002062339999998386
3.2939 0.0013041849999986255
3.294 0.0005459999999999354
3.2941 -0.00021221500000123683
3.2942 -0.0009704600000013386
3.2943 -0.0017287350000003698
3.2944 -0.002487040000000107
3.2945 -0.003245375000005879
3.2946 -0.004003740000003475
3.2947 -0.004762135000003553
3.2948 -0.005520560000002561
3.2949 -0.0062790150000004985
3.295 -0.007037500000002694
3.2951 -0.00779601500000382
3.2952 -0.008554560000000322
3.2953 -0.009313134999999306
3.2954 -0.010071740000000773
3.2955 -0.010830375000001169
3.2956 -0.011589040000000495
-40.0 -2483.3
-30.0 -1410.3
-20.0 -637.3
10.0 -118.3
20.0 -545.3
30.0 -1272.3
40.0 -2299.3
-46.3 -3313.3249999999994
-46.2 -3299.2200000000003
-46.1 -3285.1450000000004
-46.0 -3271.1000000000004
-45.9 -3257.0850000000005
-45.8 -3243.1000000000004
-45.7 -3229.145000000001
-45.6 -3215.2200000000003
-45.5 -3201.3250000000003
-45.4 -3187.46
-45.3 -3173.6249999999995
-45.2 -3159.8200000000006
-45.1 -3146.0450000000005
-45.0 -3132.3
-44.9 -3118.5849999999996
-44.8 -3104.8999999999996
-44.7 -3091.2450000000003
-44.6 -3077.6200000000003
-44.5 -3064.025
-44.4 -3050.46
-44.3 -3036.9249999999997
-44.2 -3023.4200000000005
-44.1 -3009.945
-44.0 -2996.5
-43.9 -2983.0849999999996
-43.8 -2969.7
-43.7 -2956.3450000000007
-43.6 -2943.0200000000004
-43.5 -2929.7250000000004
-43.4 -2916.4600000000005
-43.3 -2903.225
-43.2 -2890.020000000001
-43.1 -2876.8450000000003
-43.0 -2863.7000000000003
-42.9 -2850.585
-42.8 -2837.4999999999995
-42.7 -2824.4450000000006
-42.6 -2811.4200000000005
-42.5 -2798.425
-42.4 -2785.46
-42.3 -2772.5249999999996
-42.2 -2759.6200000000003
-42.1 -2746.7450000000003
-42.0 -2733.9
-41.9 -2721.085
-41.8 -2708.2999999999997
-41.7 -2695.5450000000005
-41.6 -2682.82
-41.5 -2670.125
-41.4 -2657.4599999999996
-41.3 -2644.825
-41.2 -2632.2200000000007
-41.1 -2619.6450000000004
-41.0 -2607.1000000000004
-40.9 -2594.5850000000005
-40.8 -2582.1000000000004
-40.7 -2569.645000000001
-40.6 -2557.2200000000003
-40.5 -2544.8250000000003
-40.4 -2532.46
-40.3 -2520.1249999999995
-40.2 -2507.8200000000006
-40.1 -2495.5450000000005
-39.9 -2471.085
-39.8 -2458.8999999999996
-39.7 -2446.7450000000003
-39.6 -2434.6200000000003
-39.5 -2422.525
-39.4 -2410.46
-39.3 -2398.4249999999997
-39.2 -2386.4200000000005
-39.1 -2374.445
-39.0 -2362.5
-38.9 -2350.5849999999996
-38.8 -2338.7
-38.7 -2326.8450000000007
-38.6 -2315.0200000000004
-38.5 -2303.2250000000004
-38.4 -2291.4600000000005
-38.3 -2279.7250000000004
-38.2 -2268.020000000001
-38.1 -2256.3450000000003
-38.0 -2244.7000000000003
-37.9 -2233.085
-37.8 -2221.4999999999995
-37.7 -2209.9450000000006
-37.6 -2198.4200000000005
-37.5 -2186.925
-37.4 -2175.46
-37.3 -2164.0249999999996
-37.2 -2152.6200000000003
-37.1 -2141.2450000000003
-37.0 -2129.9
-36.9 -2118.585
-36.8 -2107.2999999999997
-36.7 -2096.045
-36.6 -2084.82
-36.5 -2073.625
-36.4 -2062.4599999999996
-36.3 -2051.325
-36.2 -2040.2200000000005
-36.1 -2029.145
-36.0 -2018.1
-35.9 -2007.0849999999998
-35.8 -1996.0999999999997
-35.7 -1985.1450000000002
-35.6 -1974.22
-35.5 -1963.325
-35.4 -1952.4599999999998
-35.3 -1941.6249999999995
-35.2 -1930.8200000000004
-35.1 -1920.0449999999998
-35.0 -1909.3
-34.9 -1898.5849999999998
-34.8 -1887.8999999999994
-34.7 -1877.2450000000001
-34.6 -1866.6200000000001
-34.5 -1856.0249999999999
-34.4 -1845.4599999999998
-34.3 -1834.9249999999995
-34.2 -1824.42
-34.1 -1813.9450000000002
-34.0 -1803.5
-33.9 -1793.0849999999996
-33.8 -1782.6999999999998
-33.7 -1772.3450000000003
-33.6 -1762.02
-33.5 -1751.725
-33.4 -1741.4599999999998
-33.3 -1731.2249999999997
-33.2 -1721.0200000000002
-33.1 -1710.845
-33.0 -1700.7
-32.9 -1690.5849999999998
-32.8 -1680.4999999999998
-32.7 -1670.4450000000004
-32.6 -1660.4199999999998
-32.5 -1650.425
-32.4 -1640.4599999999998
-32.3 -1630.5249999999994
-32.2 -1620.6200000000001
-32.1 -1610.7450000000001
-32.0 -1600.8999999999999
-31.9 -1591.0849999999998
-31.8 -1581.3000000000002
-31.7 -1571.545
-31.6 -1561.8200000000002
-31.5 -1552.125
-31.4 -1542.4599999999998
-31.3 -1532.825
-31.2 -1523.2199999999998
-31.1 -1513.645
-31.0 -1504.1
-30.9 -1494.5849999999998
-30.8 -1485.1
-30.7 -1475.645
-30.6 -1466.22
-30.5 -1456.825
-30.4 -1447.46
-30.3 -1438.125
-30.2 -1428.82
-30.1 -1419.545
-29.9 -1401.0849999999998
-29.8 -1391.9
-29.7 -1382.7449999999997
-29.6 -1373.6200000000001
-29.5 -1364.5249999999999
-29.4 -1355.4599999999998
-29.3 -1346.4250000000002
-29.2 -1337.42
-29.1 -1328.4450000000002
-29.0 -1319.5
-28.9 -1310.5849999999998
-28.8 -1301.7
-28.7 -1292.8449999999998
-28.6 -1284.02
-28.5 -1275.225
-28.4 -1266.4599999999998
-28.3 -1257.725
-28.2 -1249.02
-28.1 -1240.345
-28.0 -1231.7
-27.9 -1223.085
-27.8 -1214.5
-27.7 -1205.945
-27.6 -1197.42
-27.5 -1188.925
-27.4 -1180.4599999999998
-27.3 -1172.025
-27.2 -1163.6199999999997
-27.1 -1155.2450000000001
-27.0 -1146.8999999999999
-26.9 -1138.5849999999998
-26.8 -1130.3000000000002
-26.7 -1122.045
-26.6 -1113.8200000000002
-26.5 -1105.625
-26.4 -1097.4599999999998
-26.3 -1089.325
-26.2 -1081.2199999999998
-26.1 -1073.145
-26.0 -1065.1
-25.9 -1057.0849999999998
-25.8 -1049.1
-25.7 -1041.145
-25.6 -1033.22
-25.5 -1025.325
-25.4 -1017.46
-25.3 -1009.625
-25.2 -1001.8199999999999
-25.1 -994.0450000000001
-25.0 -986.3
-24.9 -978.5849999999998
-24.8 -970.9000000000001
-24.7 -963.2449999999998
-24.6 -955.6200000000001
-24.5 -948.025
-24.4 -940.4599999999998
-24.3 -932.925
-24.2 -925.42
-24.1 -917.945
-24.0 -910.5
-23.9 -903.0849999999998
-23.8 -895.7
-23.7 -888.3449999999998
-23.6 -881.02
-23.5 -873.7249999999999
-23.4 -866.4599999999998
-23.3 -859.225
-23.2 -852.02
-23.1 -844.8449999999999
-23.0 -837.6999999999999
-22.9 -830.5849999999999
-22.8 -823.5
-22.7 -816.4449999999999
-22.6 -809.4200000000001
-22.5 -802.425
-22.4 -795.4599999999998
-22.3 -788.525
-22.2 -781.6199999999999
-22.1 -774.7450000000001
-22.0 -767.9
-21.9 -761.0849999999999
-21.8 -754.3
-21.7 -747.545
-21.6 -740.82
-21.5 -734.125
-21.4 -727.4599999999998
-21.3 -720.825
-21.2 -714.2199999999999
-21.1 -707.645
-21.0 -701.0999999999999
-20.9 -694.5849999999998
-20.8 -688.1
-20.7 -681.6449999999999
-20.6 -675.22
-20.5 -668.8249999999999
-20.4 -662.4599999999999
-20.3 -656.125
-20.2 -649.8199999999999
-20.1 -643.5450000000001
-19.9 -631.0849999999998
-19.8 -624.9
-19.7 -618.7449999999999
-19.6 -612.6200000000001
-19.5 -606.525
-19.4 -600.4599999999999
-19.3 -594.425
-19.2 -588.42
-19.1 -582.445
-19.0 -576.5
-18.9 -570.5849999999998
-18.8 -564.7
-18.7 -558.8449999999999
-18.6 -553.02
-18.5 -547.2249999999999
-18.4 -541.4599999999998
-18.3 -535.725
-18.2 -530.0199999999999
-18.1 -524.345
-18.0 -518.6999999999999
-17.9 -513.0849999999999
-17.8 -507.50000000000006
-17.7 -501.94499999999994
-17.6 -496.42000000000013
-17.5 -490.925
-17.4 -485.45999999999987
-17.3 -480.0250000000001
-17.2 -474.62
-17.1 -469.245
-17.0 -463.90000000000003
-16.9 -458.585
-16.8 -453.3
-16.7 -448.045
-16.6 -442.8200000000001
-16.5 -437.625
-16.4 -432.4599999999999
-16.3 -427.325
-16.2 -422.21999999999997
-16.1 -417.14500000000004
-16.0 -412.1
-15.9 -407.08500000000004
-15.8 -402.1
-15.7 -397.145
-15.6 -392.21999999999997
-15.5 -387.325
-15.4 -382.46000000000004
-15.3 -377.62500000000006
-15.2 -372.82
-15.1 -368.045
-15.0 -363.3
-14.9 -358.58500000000004
-14.8 -353.9000000000001
-14.7 -349.245
-14.6 -344.62
-14.5 -340.02500000000003
-14.4 -335.46000000000004
-14.3 -330.925
-14.2 -326.42
-14.1 -321.94500000000005
-14.0 -317.5
-13.9 -313.085
-13.8 -308.70000000000005
-13.7 -304.34499999999997
-13.6 -300.0199999999999
-13.5 -295.725
-13.4 -291.46000000000004
-13.3 -287.225
-13.2 -283.02
-13.1 -278.84499999999997
-13.0 -274.7
-12.9 -270.58500000000004
-12.8 -266.50000000000006
-12.7 -262.445
-12.6 -258.42
-12.5 -254.425
-12.4 -250.46000000000004
-12.3 -246.52500000000003
-12.2 -242.61999999999998
-12.1 -238.745
-12.0 -234.9
-11.9 -231.08500000000004
-11.8 -227.3
-11.7 -223.545
-11.6 -219.82000000000002
-11.5 -216.125
-11.4 -212.46
-11.3 -208.82500000000005
-11.2 -205.21999999999997
-11.1 -201.645
-11.0 -198.10000000000002
-10.9 -194.585
-10.8 -191.10000000000005
-10.7 -187.64499999999995
-10.6 -184.22
-10.5 -180.82500000000002
-10.4 -177.46
-10.3 -174.12500000000003
-10.2 -170.82000000000002
-10.1 -167.545
10.1 -121.085
10.2 -123.89999999999999
10.3 -126.74500000000002
10.4 -129.62000000000003
10.5 -132.525
10.6 -135.46
10.7 -138.42499999999998
10.8 -141.42000000000004
10.9 -144.44500000000002
11.0 -147.5
11.1 -150.585
11.2 -153.7
11.3 -156.84500000000003
11.4 -160.02
11.5 -163.22500000000002
11.6 -166.46
11.7 -169.725
11.8 -173.02000000000004
11.9 -176.34500000000003
12.0 -179.70000000000002
12.1 -183.08500000000004
12.2 -186.49999999999997
12.3 -189.94500000000005
12.4 -193.42000000000004
12.5 -196.925
12.6 -200.46
12.7 -204.025
12.8 -207.62000000000006
12.9 -211.24500000000003
13.0 -214.9
13.1 -218.58499999999998
13.2 -222.29999999999998
13.3 -226.04500000000004
13.4 -229.82000000000005
13.5 -233.625
13.6 -237.45999999999995
13.7 -241.325
13.8 -245.22000000000003
13.9 -249.14500000000004
14.0 -253.10000000000002
14.1 -257.08500000000004
14.2 -261.09999999999997
14.3 -265.14500000000004
14.4 -269.22
14.5 -273.325
14.6 -277.46000000000004
14.7 -281.625
14.8 -285.82000000000005
14.9 -290.0450000000001
15.0 -294.3
15.1 -298.585
15.2 -302.90000000000003
15.3 -307.24500000000006
15.4 -311.62
15.5 -316.02500000000003
15.6 -320.46
15.7 -324.92499999999995
15.8 -329.4200000000001
15.9 -333.94500000000005
16.0 -338.5
16.1 -343.0850000000001
16.2 -347.7
16.3 -352.34499999999997
16.4 -357.02
16.5 -361.725
16.6 -366.4600000000001
16.7 -371.22499999999997
16.8 -376.02000000000004
16.9 -380.84499999999997
17.0 -385.7
17.1 -390.58500000000004
17.2 -395.5
17.3 -400.44500000000005
17.4 -405.4199999999999
17.5 -410.425
17.6 -415.4600000000001
17.7 -420.525
17.8 -425.62000000000006
17.9 -430.74499999999995
18.0 -435.90000000000003
18.1 -441.0850000000001
18.2 -446.2999999999999
18.3 -451.5450000000001
18.4 -456.81999999999994
18.5 -462.125
18.6 -467.4600000000001
18.7 -472.825
18.8 -478.2200000000001
18.9 -483.64499999999987
19.0 -489.1
19.1 -494.58500000000015
19.2 -500.1000000000001
19.3 -505.64500000000004
19.4 -511.21999999999997
19.5 -516.8249999999999
19.6 -522.46
19.7 -528.125
19.8 -533.82
19.9 -539.5449999999998
20.1 -551.085
20.2 -556.8999999999999
20.3 -562.7449999999999
20.4 -568.62
20.5 -574.525
20.6 -580.46
20.7 -586.4249999999998
20.8 -592.42
20.9 -598.4449999999999
21.0 -604.5
21.1 -610.585
21.2 -616.6999999999999
21.3 -622.845
21.4 -629.0199999999998
21.5 -635.2249999999999
21.6 -641.4600000000002
21.7 -647.725
21.8 -654.02
21.9 -660.3449999999999
22.0 -666.6999999999999
22.1 -673.085
22.2 -679.5
22.3 -685.945
22.4 -692.4199999999998
22.5 -698.925
22.6 -705.46
22.7 -712.0249999999999
22.8 -718.6199999999999
22.9 -725.245
23.0 -731.9
23.1 -738.5849999999999
23.2 -745.3
23.3 -752.045
23.4 -758.8199999999999
23.5 -765.625
23.6 -772.46
23.7 -779.3249999999998
23.8 -786.22
23.9 -793.1449999999998
24.0 -800.0999999999999
24.1 -807.0850000000002
24.2 -814.1
24.3 -821.145
24.4 -828.2199999999998
24.5 -835.3249999999999
24.6 -842.46
24.7 -849.6249999999999
24.8 -856.8200000000002
24.9 -864.0449999999998
25.0 -871.3
25.1 -878.585
25.2 -885.8999999999999
25.3 -893.2449999999999
25.4 -900.62
25.5 -908.025
25.6 -915.4600000000002
25.7 -922.925
25.8 -930.42
25.9 -937.9449999999999
26.0 -945.5
26.1 -953.085
26.2 -960.6999999999998
26.3 -968.345
26.4 -976.0199999999998
26.5 -983.7249999999999
26.6 -991.4600000000002
26.7 -999.225
26.8 -1007.0200000000001
26.9 -1014.8449999999999
27.0 -1022.7
27.1 -1030.5850000000003
27.2 -1038.4999999999998
27.3 -1046.4450000000002
27.4 -1054.4199999999998
27.5 -1062.425
27.6 -1070.46
27.7 -1078.5249999999999
27.8 -1086.62
27.9 -1094.745
28.0 -1102.8999999999999
28.1 -1111.0850000000003
28.2 -1119.3000000000002
28.3 -1127.545
28.4 -1135.82
28.5 -1144.125
28.6 -1152.46
28.7 -1160.8249999999998
28.8 -1169.22
28.9 -1177.6449999999998
29.0 -1186.1
29.1 -1194.585
29.2 -1203.1
29.3 -1211.645
29.4 -1220.22
29.5 -1228.825
29.6 -1237.4600000000003
29.7 -1246.1249999999998
29.8 -1254.8200000000002
29.9 -1263.5449999999998
30.1 -1281.085
30.2 -1289.8999999999999
30.3 -1298.745
30.4 -1307.62
30.5 -1316.5249999999999
30.6 -1325.4600000000003
30.7 -1334.4250000000002
30.8 -1343.42
30.9 -1352.445
31.0 -1361.5
31.1 -1370.585
31.2 -1379.6999999999998
31.3 -1388.845
31.4 -1398.0199999999998
31.5 -1407.225
31.6 -1416.46
31.7 -1425.725
31.8 -1435.02
31.9 -1444.345
32.0 -1453.7
32.1 -1463.0850000000003
32.2 -1472.5000000000002
32.3 -1481.9449999999995
32.4 -1491.4199999999998
32.5 -1500.925
32.6 -1510.4599999999998
32.7 -1520.0250000000003
32.8 -1529.6199999999997
32.9 -1539.2449999999997
33.0 -1548.8999999999999
33.1 -1558.5850000000003
33.2 -1568.3000000000004
33.3 -1578.0449999999998
33.4 -1587.82
33.5 -1597.625
33.6 -1607.46
33.7 -1617.3250000000003
33.8 -1627.2199999999998
33.9 -1637.1449999999995
34.0 -1647.1
34.1 -1657.085
34.2 -1667.1
34.3 -1677.1449999999998
34.4 -1687.22
34.5 -1697.325
34.6 -1707.4600000000003
34.7 -1717.6250000000002
34.8 -1727.8199999999995
34.9 -1738.0449999999998
35.0 -1748.3
35.1 -1758.5849999999998
35.2 -1768.9000000000003
35.3 -1779.2449999999994
35.4 -1789.6199999999997
35.5 -1800.0249999999999
35.6 -1810.4600000000003
35.7 -1820.9250000000004
35.8 -1831.4199999999998
35.9 -1841.945
36.0 -1852.5
36.1 -1863.085
36.2 -1873.7000000000003
36.3 -1884.3449999999998
36.4 -1895.0199999999995
36.5 -1905.725
36.6 -1916.46
36.7 -1927.225
36.8 -1938.0199999999998
36.9 -1948.845
37.0 -1959.7
37.1 -1970.5850000000003
37.2 -1981.5000000000002
37.3 -1992.4449999999995
37.4 -2003.4199999999998
37.5 -2014.425
37.6 -2025.4600000000003
37.7 -2036.5250000000003
37.8 -2047.6199999999992
37.9 -2058.745
38.0 -2069.9
38.1 -2081.085
38.2 -2092.3000000000006
38.3 -2103.545
38.4 -2114.82
38.5 -2126.125
38.6 -2137.46
38.7 -2148.8250000000003
38.8 -2160.2200000000003
38.9 -2171.645
39.0 -2183.1000000000004
39.1 -2194.5850000000005
39.2 -2206.100000000001
39.3 -2217.645
39.4 -2229.2200000000003
39.5 -2240.8250000000003
39.6 -2252.4600000000005
39.7 -2264.1250000000005
39.8 -2275.8199999999997
39.9 -2287.545
40.1 -2311.0850000000005
40.2 -2322.9000000000005
40.3 -2334.7449999999994
40.4 -2346.62
40.5 -2358.525
40.6 -2370.46
40.7 -2382.4250000000006
40.8 -2394.42
40.9 -2406.445
41.0 -2418.5
41.1 -2430.585
41.2 -2442.7000000000003
41.3 -2454.8450000000003
41.4 -2467.02
41.5 -2479.2250000000004
41.6 -2491.4600000000005
41.7 -2503.725000000001
41.8 -2516.02
41.9 -2528.3450000000003
42.0 -2540.7000000000003
42.1 -2553.0850000000005
42.2 -2565.5000000000005
42.3 -2577.9449999999997
42.4 -2590.42
42.5 -2602.925
42.6 -2615.4600000000005
42.7 -2628.0250000000005
42.8 -2640.6199999999994
42.9 -2653.245
43.0 -2665.9
43.1 -2678.585
43.2 -2691.3000000000006
43.3 -2704.0449999999996
43.4 -2716.82
43.5 -2729.625
43.6 -2742.46
43.7 -2755.3250000000003
43.8 -2768.2200000000003
43.9 -2781.145
44.0 -2794.1000000000004
44.1 -2807.0850000000005
44.2 -2820.100000000001
44.3 -2833.145
44.4 -2846.2200000000003
44.5 -2859.3250000000003
44.6 -2872.4600000000005
44.7 -2885.6250000000005
44.8 -2898.8199999999997
44.9 -2912.0449999999996
45.0 -2925.3
45.1 -2938.5850000000005
45.2 -2951.9000000000005
45.3 -2965.2449999999994
45.4 -2978.62
45.5 -2992.025
45.6 -3005.46
45.7 -3018.9250000000006
45.8 -3032.42
45.9 -3045.945
46.0 -3059.5
46.1 -3073.085
46.2 -3086.7
46.3 -3100.345
46.4 -3114.0200000000004
46.5 -3127.7250000000004
46.6 -3141.4600000000005
46.7 -3155.225000000001
46.8 -3169.02
46.9 -3182.845
47.0 -3196.7000000000003
47.1 -3210.585000000001
47.2 -3224.5000000000005
47.3 -3238.4449999999997
47.4 -3252.4199999999996
47.5 -3266.425
47.6 -3280.4600000000005
47.7 -3294.5250000000005
47.8 -3308.6199999999994
47.9 -3322.745
48.0 -3336.9
48.1 -3351.085
48.2 -3365.3000000000006
48.3 -3379.545
48.4 -3393.82
48.5 -3408.125
48.6 -3422.46
48.7 -3436.825
48.8 -3451.22
48.9 -3465.6450000000004
49.0 -3480.1000000000004
49.1 -3494.5850000000005
49.2 -3509.100000000001
49.3 -3523.645
49.4 -3538.22
49.5 -3552.8250000000003
49.6 -3567.460000000001
49.7 -3582.1250000000005
49.8 -3596.8199999999997
49.9 -3611.5449999999996
